Cytosine
N1      4.76    -85.78          -1.28
C6      4.95   -101.56          -1.08
C5      4.14   -115.41          -1.00
C4      2.72   -114.44          -1.14
N4      2.27   -143.37          -1.07
N3      2.39    -85.24          -1.34
C2      3.64    -74.64          -1.42
O2      4.10    -57.71          -1.60

Guanine
N9      4.85    -48.25           1.90
C8      4.80    -64.54           2.07
N7      3.72    -74.57           2.16
C5      2.73    -57.20           2.04
C4      3.66    -38.94           1.88
N3      3.89    -18.63           1.73
C2      3.05     -1.53           1.75
N2      3.87     16.11           1.62
N1      1.68      0.89           1.90
C6      1.32    -52.87           2.06
O6      0.93   -116.15           2.19

Phosphate
O3'     9.40   -104.85          -3.76
P       9.57   -105.48          -2.18
O1P    11.01   -106.40          -1.87
O2P     8.88   -112.94          -1.65
O5'     9.09    -96.57          -1.71

Deoxyribose
C5'     8.97    -90.00          -2.70
C4'     8.20    -81.99          -2.20
C3'     8.35    -79.83          -0.74
C2'     6.95    -81.48          -0.17
C1'     6.05    -78.36          -1.37
O4'     6.79    -83.21          -2.46

Phosphate
O3'     8.86    -71.10          -0.55
P       9.91    -70.05           0.65
O1P    11.27    -68.98           0.09
O2P    10.01    -76.94           1.51
O5'     9.43    -62.22           1.42

Deoxyribose
C5'     9.28    -54.94           0.63
C4'     8.41    -48.37           1.29
C3'     8.29    -48.79           2.79
C2'     7.07    -42.16           3.05
C1'     6.22    -42.11           1.76
O4'     7.05    -49.37           0.86
