O3'     6.46    -149.59         -1.86
P       6.47    -148.95         -0.26
O1P     7.85    -150.63          0.22
O2P     5.66    -159.46          0.31
O5'     6.12    -134.87          0.01
C5'     7.26    -127.90         -0.36
C4'     7.06    -116.11         -0.63
C3'     6.59    -108.36          0.51
C2'     6.56     -96.97         -0.27
C1'     5.93     -99.94         -1.63
O4'     6.13    -113.60         -1.69
N9      4.58     -93.64         -1.65
C8      3.40    -103.63         -1.69
N7      2.37     -87.35         -1.70
C5      3.35     -67.03         -1.66
C4      4.55     -76.33         -1.63
N3      5.76     -69.77         -1.58
C2      5.88     -56.61         -1.57
N1      5.15     -45.13         -1.60
C6      3.81     -44.64         -1.64
N6      3.44     -24.34         -1.66
