 146 # base-pairs
   1 # ***local base-pair & helical parameters***
#      Shear  Stretch  Stagger Buckle Prop-Tw Opening  X-disp  Y-disp  h-Rise  Incl.    Tip   h-Twist
A-T    -0.32   -0.58   -0.34   -3.80    4.48   -0.73    0.00    0.00    0.00    0.00    0.00    0.00
T-A    -0.54   -0.14   -0.64    6.21  -10.27   -2.31   -1.21    1.93    2.99    1.40   -4.19   32.61
C-G    -0.14   -0.03   -0.36    2.77   -4.61    1.05   -0.66   -1.27    3.42    7.96    0.97   38.26
A-T     0.07   -0.11   -0.33    7.19  -14.35    5.75   -1.02    0.64    3.29   12.17   -3.19   31.67
A-T    -0.00   -0.10    0.19    3.61  -10.75    1.67    0.10    0.07    3.32    3.52    9.01   36.14
T-A     0.00   -0.40    0.10    9.23   -6.74    2.16   -0.58   -0.53    3.31   -3.76   -5.06   33.69
A-T     0.34   -0.05    0.48    5.13  -15.52    0.19    0.36   -0.30    3.32   -7.98    2.77   41.91
T-A     0.20   -0.08    0.30    2.47  -10.16    0.34   -0.84   -0.33    3.41   -5.63   -0.91   33.00
C-G     0.36   -0.10    0.04   -1.17   -8.49    3.25   -0.31   -0.01    3.26   -1.69   -3.56   40.73
C-G     0.25   -0.24   -0.16    1.26   -0.86   -4.52   -1.77    0.54    3.11   15.22   -1.40   28.86
A-T     0.57    0.00    0.18    4.21   -7.33   -1.95   -0.29    0.17    3.30    9.00    6.81   36.72
C-G    -0.13    0.02    0.02    1.86   -6.28    4.94   -2.59   -0.95    3.23    9.04   -0.84   28.66
C-G     0.28   -0.06    0.36   -5.88  -11.40    5.61   -2.26   -0.44    3.14   14.64   -2.07   35.64
T-A    -0.40   -0.13    0.35  -13.25  -15.50    2.23   -1.47    1.34    3.37   18.43   -1.74   31.37
G-C    -0.76   -0.09    0.18   -9.02   -3.96    1.38    2.44   -0.32    2.99   -8.35    0.35   44.09
C-G     0.27   -0.08   -0.12    5.84   -5.87   -0.94   -0.38    1.24    2.94    9.53   -8.59   29.11
A-T     0.01    0.27    0.50   14.01  -15.00   -3.06    3.80   -0.29    2.57  -13.75    3.44   48.24
G-C    -0.13    0.13    0.28    8.37  -18.28   -3.15    0.19   -1.21    3.53   -3.92   -1.37   32.26
A-T     0.40   -0.02    0.06   -4.76  -12.70    2.23   -0.01   -0.65    3.58   -5.88   -3.28   41.98
T-A     0.74   -0.29   -0.33   -1.08   -7.50    5.08   -0.29    0.19    3.18   -5.06   -6.83   32.99
A-T    -0.18   -0.36   -0.19   -8.18   -7.49    6.85   -3.82   -0.19    2.89   21.28    4.94   30.40
C-G    -0.04    0.06   -0.14   -2.48  -10.10   -2.82   -2.87    1.34    2.71   23.12    6.37   32.73
T-A     0.17    0.20    0.23   -0.52   -6.52    3.57   -0.43   -0.70    3.57   -3.68    4.08   35.67
A-T    -0.02   -0.05   -0.04   -8.72  -10.56    1.44   -4.19    0.52    2.16   31.50   -5.76   34.59
C-G    -0.14    0.01   -0.11    1.29  -11.61   -1.57   -0.92    0.16    3.06    2.04   -0.31   29.77
C-G     0.06   -0.20   -0.09    2.23  -11.82   -1.44   -1.23    1.14    3.30   14.74  -12.51   31.37
A-T    -0.01    0.16    0.62   19.04  -23.08    1.23    3.94   -0.59    2.48  -11.30    3.50   44.21
A-T     0.23    0.00    0.32   10.04  -17.05   -4.70    0.70   -0.18    3.53   -3.17    3.99   36.69
A-T     0.46    0.09   -0.23   -1.28  -25.86    0.90    0.38    0.32    3.59   -9.86   -7.20   41.42
A-T     0.10   -0.24   -0.48   -0.74   -8.06   -1.46   -0.85   -0.63    3.22    4.65    0.04   33.02
G-C     0.30   -0.22   -0.97  -20.74  -13.06   -1.45   -1.54    0.48    3.69   12.56    0.30   35.22
T-A    -0.22    0.34   -0.53   -2.87  -10.10    4.43   -1.87   -0.05    2.61   11.25    4.22   31.65
G-C    -0.50    0.05    1.14   -5.26   -2.84    7.07   -1.72   -2.72    2.71   10.28   24.05   33.49
T-A    -0.38    0.02   -0.14    5.36   -2.19   -3.36   -2.52    2.50    2.93   10.18  -15.19   32.37
A-T     0.20    0.04   -0.15  -10.50  -17.84    1.76   -1.37   -0.37    3.57    8.41   -4.86   36.52
T-A     0.07   -0.14    0.06   -0.02   -7.78    0.71   -1.30   -0.30    2.86    4.94    4.66   34.25
T-A    -0.08   -0.18    0.16  -16.02  -12.75   -3.94   -0.03    0.18    3.67   -4.34   -2.29   40.31
T-A    -0.11   -0.08    0.29   -3.93  -18.12    2.58   -0.23    0.29    3.03   -1.37    0.61   28.62
G-C    -0.20   -0.15    0.44    1.87  -12.42   -0.84    3.91    0.36    2.25  -20.97    2.62   53.16
G-C    -0.27   -0.13   -0.23    4.30   -3.43    1.99    0.04   -1.38    3.63   13.91   -4.05   29.44
A-T     0.11    0.01    0.11   10.01  -17.98    4.03    1.48    1.27    3.31   -1.03    7.31   38.45
A-T    -0.03    0.26   -0.09    6.72  -20.84    1.64   -1.07   -0.10    3.36    7.59    1.47   34.48
A-T     0.12    0.38    0.30   10.70  -13.90    1.88   -0.96   -0.36    2.98   15.07   -2.38   34.38
C-G     0.22    0.16   -0.56   15.16  -13.08    3.19   -2.59    0.41    3.01   16.50   -8.74   31.20
T-A     0.11   -0.04    0.01    6.69  -12.82    8.00   -2.51   -1.69    3.11   28.40   -3.84   36.33
G-C    -0.03   -0.23   -0.02   -2.56  -22.44   -1.78    0.84    1.79    3.52    4.73    9.05   37.98
C-G     0.28   -0.42    0.13   -2.54   -8.54   -4.86    1.62   -0.68    3.33   -3.24   -1.87   42.38
T-A    -0.01   -0.10    0.35   -5.21  -26.40   -1.92    1.50    1.19    3.34   -7.45    7.87   34.72
C-G     0.60   -0.08   -0.16   -2.37   -8.81    2.87    1.42   -1.22    3.26   -1.68   -8.25   43.68
C-G     0.57   -0.04   -0.27    1.00  -13.27   -0.24    1.09    1.06    3.53   -3.83    9.73   34.67
A-T     0.49   -0.03   -0.42   -3.70   -3.77   -6.10   -0.40    0.43    3.55    6.60   -0.71   36.65
T-A    -1.25    0.18   -0.52    8.39   -7.62   -1.25   -2.22   -0.92    2.78   13.07   -6.22   26.85
C-G     0.28   -0.51   -0.35   10.10  -12.90    1.28   -1.74   -0.04    3.11   14.98    6.83   34.73
A-T     0.33   -0.45   -0.80  -13.14  -14.25    4.44   -1.75    0.94    3.72   20.71  -12.01   35.96
A-T     1.35    0.14   -0.70  -10.29  -10.26   11.43   -2.43   -0.71    3.25   43.09   -6.06   35.21
A-T     0.00    0.05    0.22    2.78  -22.41   -2.26    1.45   -0.25    2.97   -3.53   22.24   26.17
A-T     0.15    0.14    0.00   -2.68  -21.98   -4.19   -1.12    0.89    3.28   11.79   -4.60   38.96
G-C    -0.50   -0.21    0.64   18.22    2.91    0.76    2.74   -2.32    2.65  -21.31   -3.80   34.55
G-C     0.28    0.26    0.75    0.45  -37.17   -6.30    1.87    1.61    3.97   -4.40    2.19   42.90
C-G    -0.35   -0.24   -0.12   -9.57   -9.04    1.19    2.53   -1.36    3.59  -18.06   -8.81   41.34
A-T    -0.13   -0.22   -0.18  -11.72  -11.22    1.14   -0.04    1.11    3.60   12.88    9.97   36.23
T-A    -0.31   -0.02    0.02   -4.67  -13.47    0.74   -0.94    0.12    3.15   -0.58    5.77   30.34
G-C    -0.37   -0.15   -0.56  -14.60  -12.58    6.30   -0.69   -0.12    3.61   16.03   -1.31   37.93
T-A    -0.11   -0.11   -0.13   -0.75  -15.70    3.63   -1.38   -0.43    2.89    7.37    9.65   33.10
T-A    -0.13   -0.08    0.07   -4.71  -12.74    1.71   -1.41    0.44    3.38   14.78    0.14   33.98
C-G     0.14   -0.16   -0.32    5.21   -8.10    1.72   -0.54   -0.34    3.11    9.67   -6.40   32.65
A-T     0.35   -0.28   -0.15    8.31  -13.02    0.60    0.01   -0.46    3.50   15.53   -7.64   36.51
G-C    -0.21   -0.06    0.28    0.76  -24.76   -0.05    2.66    0.96    3.30   -5.87    5.50   41.36
C-G     0.14   -0.15    0.28   -1.37   -8.79   -2.96    2.49   -1.26    3.23   -8.62   -2.15   41.68
T-A    -0.18   -0.11    0.27   -2.51  -22.30   -3.31    1.31    1.16    3.29   -4.61    2.37   33.97
G-C    -0.43   -0.15   -0.10   -4.20   -3.82    2.50    2.61   -0.80    3.36   -3.45   -5.08   43.75
G-C     0.28   -0.12    0.14    5.05   -7.25   -0.48   -0.97   -1.29    3.10   14.30    7.28   28.31
A-T    -0.08   -0.07    0.04   -1.48   -8.88    1.18   -0.90    0.50    3.37    9.32    4.63   37.16
A-T     0.64   -0.18    0.29   -2.42   -7.41    0.54   -1.12   -0.14    3.24    7.28    4.44   36.89
T-A     0.11   -0.08    0.00    0.93  -13.01    2.50   -3.41    0.85    2.80   13.74   -6.20   29.84
C-G     0.19   -0.11    0.02   -0.56  -13.14   -1.08   -1.43    0.59    3.25   11.05   -1.25   32.92
C-G     0.27   -0.13    0.03    2.16   -3.55    0.81   -1.14    0.11    3.23   12.70   -4.45   31.03
A-T     0.22   -0.04    0.12    0.34  -21.70   -3.88    2.55    0.96    3.41   -2.73    3.43   43.68
G-C    -0.23   -0.18    0.35    5.22   -4.56   -2.17    1.76   -2.05    3.06   -8.92    0.85   32.86
C-G     0.16   -0.16    0.23    0.06  -26.25   -1.89    2.50    1.69    3.25   -9.05    1.04   42.00
T-A     0.04   -0.18   -0.14   -2.55   -9.61    0.22    2.66   -1.34    3.27   -6.70   -5.59   42.66
G-C    -0.13   -0.09    0.18    4.29   -5.47    2.12    0.19    0.07    3.36   11.96   10.85   35.99
A-T     0.15   -0.21   -0.19    1.96  -12.19    0.90   -1.05    1.03    3.37   12.47   -2.13   34.43
A-T     0.03    0.09   -0.36    3.16  -18.87    6.00   -1.40   -0.38    3.19   17.10   -2.94   33.42
C-G     0.20   -0.08   -0.04   -0.82  -14.52    4.37   -1.93   -0.46    3.25   12.06    6.06   32.43
A-T     0.03   -0.03   -0.01   -1.94  -12.45    4.22   -0.43    0.70    3.46   14.63    0.60   36.56
T-A    -0.14   -0.14    0.02    3.11  -10.85    0.20   -1.07   -0.22    3.19    1.38    0.01   28.68
G-C    -0.13   -0.15    0.08   -0.63   -3.47    0.67   -0.05   -1.19    3.64    7.83   -3.64   34.91
C-G     0.26   -0.17    0.63    3.70  -28.02   -3.37    1.60    1.56    3.26  -10.45    4.48   39.42
C-G     0.28   -0.23    0.42   -8.13  -14.54   -0.11    3.20   -0.51    3.28  -10.57   -1.35   46.59
T-A    -0.33   -0.13    0.07  -11.84  -17.50    1.22    3.35    0.30    3.05  -13.23    2.85   41.42
T-A    -0.02   -0.09    0.01   -1.98  -13.40    0.37   -0.27   -0.69    3.14    6.60    5.70   32.73
T-A    -0.12    0.03   -0.13   -6.55  -14.04    6.10   -1.97   -0.60    3.16   19.02   -3.27   33.03
T-A     0.11   -0.13   -0.38   -3.50  -10.51    6.88   -1.25    0.34    3.23   20.78   -2.75   32.09
G-C    -0.34    0.11   -1.00  -20.51  -10.34    2.27   -5.14    0.36    2.53   41.94   -4.09   32.64
A-T     0.01   -0.23   -0.36  -12.45   -8.09   -2.24   -1.69   -0.73    2.90    9.06    7.32   34.30
T-A    -0.49    0.07   -0.09    1.82   -6.42    0.27   -2.70    0.87    2.84   11.28    1.32   24.50
G-C     0.08   -0.17    0.41    5.66  -11.43   -3.23    0.59   -0.02    3.33    1.07    5.10   41.10
G-C    -0.60   -0.10   -0.48   -2.61   -4.57    2.00    0.05   -0.34    3.78    3.53  -17.02   33.87
A-T    -0.02    0.02    0.11    4.03  -27.61    0.13    2.22    1.30    3.20   -5.96    9.03   43.46
G-C     0.17   -0.04    0.37    3.66   -8.26    0.32    1.00   -2.10    3.20   -4.92    4.48   35.24
C-G     0.38   -0.08    0.08    5.19  -24.66    2.06    1.16    1.19    3.16   -4.88    0.64   38.16
A-T    -0.19   -0.03   -0.24   -4.35  -10.67    9.97    0.83   -1.30    3.76    2.40  -10.39   38.33
G-C    -0.63    0.36   -0.32  -14.88  -11.67    5.55   -1.99    1.10    3.49   21.71   11.49   34.92
T-A    -0.33    0.17   -0.15   -4.30  -13.21   -5.30   -2.11    0.84    2.86   17.20    6.08   32.83
T-A    -0.14    0.34    0.02   -3.57  -11.61    4.88   -1.74    0.10    3.21   17.02   -1.22   31.52
T-A     0.29    0.18   -0.11  -11.63  -22.23   -0.65   -0.69    0.25    3.31    7.76    0.29   40.83
C-G    -0.03   -0.12   -0.15   -4.33   -4.91    0.83    1.38   -1.21    3.33   -3.24   -8.69   35.21
C-G     0.40   -0.38    0.36   10.39  -15.49   -7.30    0.40    2.05    3.27   12.39   -0.71   30.60
A-T    -0.24   -0.22    0.34    8.51  -19.05    0.84    3.82   -0.81    2.49  -18.89   -2.64   49.57
A-T     0.63   -0.10    0.55   19.00  -11.16   -3.98   -0.47   -0.32    2.92    3.32    2.37   34.68
A-T     0.07   -0.11   -0.74   -6.25  -14.42   -1.83   -0.58    1.05    3.87    1.22   -6.74   37.27
T-A    -0.77    0.45   -0.25    5.90  -15.38    4.28   -0.25   -0.78    2.96   -5.21    5.47   33.33
A-T     0.31    0.43   -0.47   -5.27   -2.01    3.36   -0.61    0.08    3.65    6.19   -1.55   38.74
C-G     0.19   -0.04    0.21    3.43   -0.68    6.03   -4.20   -1.50    2.34   28.83    7.98   29.08
A-T    -0.52    0.43    0.04    1.63  -10.90    7.71   -0.98    0.41    3.12   12.45   -3.69   34.20
C-G     0.48    0.20   -0.44    0.07  -14.30    5.50   -0.86   -0.23    3.24    7.81   -3.87   37.33
T-A    -0.78    0.09    0.04    3.65   -5.05    2.77   -0.77    0.23    3.25    2.33    3.07   30.71
T-A     0.06    0.09    0.34   -5.88  -21.33    2.70   -1.00    0.15    3.57    1.22    0.68   35.68
T-A    -0.42    0.06    0.10  -18.82  -15.55   -1.34    0.59    0.35    3.31   -8.31   -3.25   39.92
T-A     0.12    0.03   -0.23   -9.24  -12.02    1.01    0.79    0.79    3.10   -4.96   -2.23   35.30
G-C    -0.06   -0.11   -0.10    1.24    1.15   -1.32    4.08   -0.19    2.61  -14.75    3.79   43.06
G-C    -0.56    0.04    0.01   -0.16  -12.41    2.14   -2.03   -0.31    3.18   18.25    2.07   30.36
T-A    -0.61    0.19    0.05    5.73   -7.75    2.48   -1.35   -0.39    3.19    4.56    5.94   31.23
A-T    -0.09   -0.04    0.28    6.00   -8.81    1.63   -3.11   -0.50    2.49   21.88   -0.09   36.22
G-C    -0.55   -0.39   -0.98   -4.13  -16.66   -1.60   -2.34    2.02    3.49   12.35  -12.29   30.75
A-T    -0.39   -0.12    0.35    1.91   -3.33    8.99   -2.06   -2.24    5.71   14.34    5.45   63.54
T-A    -0.41    0.13   -0.18    5.11   -7.75   -3.41   -0.89    2.01    3.10   -5.82   -6.70   35.48
C-G    -0.14   -0.05    0.81  -16.11  -16.92   -4.73   -0.44   -0.78    3.80   -4.70    5.45   39.61
T-A     0.28    0.05    1.06  -14.45  -14.79   -2.08   -1.16    0.69    3.22    3.64    5.16   32.09
G-C    -0.26   -0.11    0.02   -7.50   -6.39    1.65    4.09    0.56    2.20  -19.86   -3.82   49.11
C-G     0.92   -0.07    0.03   10.99  -11.49   -1.57   -0.44   -0.13    2.78   13.74    0.89   32.30
A-T    -0.15   -0.29   -0.29   -6.27  -16.28    3.73    2.67   -0.03    3.71   -0.82    1.30   42.04
G-C    -0.27    0.09    0.09    6.50  -15.59    7.43   -0.29   -1.60    2.91   12.64   10.44   29.33
G-C    -0.48   -0.25   -0.09   -6.01  -10.15    0.88   -2.52    0.11    3.07   22.47    5.59   37.45
T-A    -0.27    0.05   -0.34   -3.52   -7.22    2.47   -1.96    1.24    3.13    9.51   -1.01   30.49
G-C    -0.36   -0.37   -0.31   -1.44   -8.84   -3.36   -1.44    0.18    3.21   15.80    1.28   36.61
G-C     0.25   -0.27   -0.21    5.82  -10.22   -0.02   -0.59   -1.78    3.26    7.83    1.14   31.05
A-T    -0.24   -0.17   -0.13   -2.61  -10.41    3.29   -0.61   -0.04    3.34    2.53    2.62   35.37
T-A     0.03   -0.24   -0.13    5.14   -5.86   -0.64   -0.94    0.13    3.18   -1.37    0.48   31.93
A-T    -0.03   -0.32    0.17   -5.18   -9.01    3.89    1.00   -0.00    3.47   -9.99    2.82   44.25
T-A     0.10   -0.13    0.13   -2.37  -16.61    4.16   -1.04    0.58    3.25   -0.96   -0.51   32.21
T-A     0.06   -0.13   -0.21    0.94   -9.84    1.56   -0.19   -0.01    3.15    0.75   -5.33   35.29
G-C    -0.21   -0.22   -0.75   -3.16    0.03   -2.54    0.11   -0.70    3.62    6.89  -11.05   34.24
A-T     0.23   -0.17   -0.18    4.34   -2.04   -1.91   -0.86    0.54    3.21    9.01    9.40   34.71
T-A     0.33   -0.22   -0.48    8.90   -2.66    4.65   -2.00   -1.21    3.24    3.78   -3.44   34.00
