#FIG 3.2  Creator: 3DNA (v1.4.3, Sept. 18, 2001) by Xiang-Jun Lu at Wilma K. Olson's Lab.
Portrait
Flush Left
Inches
Letter
100.00
Single
-2
1200 2

2 3 0  1  0  0  991 0  2 0.0  2  1 0 0 0 5
  2213  3859  2926  3859  2931  3983  2218  3983  2213  3859
2 3 0  1  0  0  991 0  2 0.0  2  1 0 0 0 5
  4251  3295  3537  3295  3532  3171  4246  3171  4251  3295
2 3 0  1 0 0  728 0 0 0.0  2  1 0 0 0 5
  4595  3148  4590  3024  4246  3171  4251  3295  4595  3148
2 3 0  1 0 0  728 0 0 0.0  2  1 0 0 0 5
  1868  4006  1873  4130  2218  3983  2213  3859  1868  4006
2 3 0  1  0  0  684 0  2 0.0  2  1 0 0 0 5
  1873  3024  2943  3024  2938  3148  1868  3148  1873  3024
2 3 0  1  0  0  684 0  2 0.0  2  1 0 0 0 5
  4590  4130  3520  4130  3525  4006  4595  4006  4590  4130
2 3 0  1 0 0  659 0 0 0.0  2  1 0 0 0 5
  2586  4130  1873  4130  2218  3983  2931  3983  2586  4130
2 3 0  1 0 0  659 0 0 0.0  2  1 0 0 0 5
  3877  3024  4590  3024  4246  3171  3532  3171  3877  3024
2 3 0  1 0 0  649 0 0 0.0  2  1 0 0 0 5
  1868  4006  2581  4006  2926  3859  2213  3859  1868  4006
2 3 0  1 0 0  649 0 0 0.0  2  1 0 0 0 5
  4595  3148  3882  3148  3537  3295  4251  3295  4595  3148
2 3 0  1 0 0  581 0 0 0.0  2  1 0 0 0 5
  2581  4006  2586  4130  2931  3983  2926  3859  2581  4006
2 3 0  1 0 0  581 0 0 0.0  2  1 0 0 0 5
  3882  3148  3877  3024  3532  3171  3537  3295  3882  3148
2 1 2  1  0 0  483 0 -1   6.0  2  1 0 0 0 2
  3232  3995  3232  3160
2 3 0  1 0 0  458 0 0 0.0  2  1 0 0 0 5
  3176  3983  3181  3859  3525  4006  3520  4130  3176  3983
2 3 0  1 0 0  458 0 0 0.0  2  1 0 0 0 5
  3288  3171  3283  3295  2938  3148  2943  3024  3288  3171
2 3 0  1 0 0  353 0 0 0.0  2  1 0 0 0 5
  3283  3295  2213  3295  1868  3148  2938  3148  3283  3295
2 3 0  1 0 0  353 0 0 0.0  2  1 0 0 0 5
  3181  3859  4251  3859  4595  4006  3525  4006  3181  3859
2 3 0  1 0 0  343 0 0 0.0  2  1 0 0 0 5
  4246  3983  3176  3983  3520  4130  4590  4130  4246  3983
2 3 0  1 0 0  343 0 0 0.0  2  1 0 0 0 5
  2218  3171  3288  3171  2943  3024  1873  3024  2218  3171
2 3 0  1  0  0  318 0 18 0.0  2  1 0 0 0 5
  1868  4006  2581  4006  2586  4130  1873  4130  1868  4006
2 3 0  1  0  0  318 0 18 0.0  2  1 0 0 0 5
  4595  3148  3882  3148  3877  3024  4590  3024  4595  3148
2 3 0  1 0 0  237 0 0 0.0  2  1 0 0 0 5
  4246  3983  4251  3859  4595  4006  4590  4130  4246  3983
2 3 0  1 0 0  237 0 0 0.0  2  1 0 0 0 5
  2218  3171  2213  3295  1868  3148  1873  3024  2218  3171
2 3 0  1  0  0   11 0 18 0.0  2  1 0 0 0 5
  4246  3983  3176  3983  3181  3859  4251  3859  4246  3983
2 3 0  1  0  0   11 0 18 0.0  2  1 0 0 0 5
  2218  3171  3288  3171  3283  3295  2213  3295  2218  3171
