3DNA (v1.4.3, Sept. 18, 2001) by Xiang-Jun Lu at Wilma K. Olson's Lab.
80  80            tiles in x, y
8   8             pixels (x, y) per tile
4                 anti-aliasing
1.0 1.0 1.0       white background
F                 no
25                phong power
0.15              secondary light contribution
0.05              ambient light contribution
0.25              specular reflection component
4.0               eye position
1.0 1.0 1.0       main light source position
1.0 0.0 0.0 0.0   input co-ordinate and radius transformation
0.0 1.0 0.0 0.0   no transformation given here
0.0 0.0 1.0 0.0
   -0.000   -0.000   -0.000   50.000
3                 mixed object types
*                 free format for triangle
*                 free format for sphere
*                 free format for cylinder
3
   -5.455   -1.716    0.608    0.060   -2.602   -1.716    1.535    0.060    0.000    0.000    0.000
3
   -2.602   -1.716    1.535    0.060   -2.581   -2.212    1.472    0.060    0.000    0.000    0.000
3
   -2.581   -2.212    1.472    0.060   -5.434   -2.212    0.545    0.060    0.000    0.000    0.000
3
   -5.455   -1.716    0.608    0.060   -5.434   -2.212    0.545    0.060    0.000    0.000    0.000
3
   -5.455   -1.716    0.608    0.060   -4.076   -1.129   -3.636    0.060    0.000    0.000    0.000
3
   -2.602   -1.716    1.535    0.060   -1.223   -1.129   -2.709    0.060    0.000    0.000    0.000
3
   -2.581   -2.212    1.472    0.060   -1.203   -1.624   -2.771    0.060    0.000    0.000    0.000
3
   -5.434   -2.212    0.545    0.060   -4.056   -1.624   -3.698    0.060    0.000    0.000    0.000
3
   -4.076   -1.129   -3.636    0.060   -1.223   -1.129   -2.709    0.060    0.000    0.000    0.000
3
   -1.223   -1.129   -2.709    0.060   -1.203   -1.624   -2.771    0.060    0.000    0.000    0.000
3
   -1.203   -1.624   -2.771    0.060   -4.056   -1.624   -3.698    0.060    0.000    0.000    0.000
3
   -4.076   -1.129   -3.636    0.060   -4.056   -1.624   -3.698    0.060    0.000    0.000    0.000
1
   -5.455   -1.716    0.608   -2.602   -1.716    1.535   -2.581   -2.212    1.472    0.000    0.000    0.000
1
   -5.455   -1.716    0.608   -2.581   -2.212    1.472   -5.434   -2.212    0.545    0.000    0.000    0.000
1
   -4.076   -1.129   -3.636   -1.223   -1.129   -2.709   -1.203   -1.624   -2.771    1.000    1.000    1.000
1
   -4.076   -1.129   -3.636   -1.203   -1.624   -2.771   -4.056   -1.624   -3.698    1.000    1.000    1.000
1
   -5.455   -1.716    0.608   -5.434   -2.212    0.545   -4.056   -1.624   -3.698    1.000    1.000    1.000
1
   -5.455   -1.716    0.608   -4.056   -1.624   -3.698   -4.076   -1.129   -3.636    1.000    1.000    1.000
1
   -2.602   -1.716    1.535   -2.581   -2.212    1.472   -1.203   -1.624   -2.771    1.000    1.000    1.000
1
   -2.602   -1.716    1.535   -1.203   -1.624   -2.771   -1.223   -1.129   -2.709    1.000    1.000    1.000
1
   -5.455   -1.716    0.608   -2.602   -1.716    1.535   -1.223   -1.129   -2.709    1.000    1.000    1.000
1
   -5.455   -1.716    0.608   -1.223   -1.129   -2.709   -4.076   -1.129   -3.636    1.000    1.000    1.000
1
   -2.581   -2.212    1.472   -5.434   -2.212    0.545   -4.056   -1.624   -3.698    1.000    1.000    1.000
1
   -2.581   -2.212    1.472   -4.056   -1.624   -3.698   -1.203   -1.624   -2.771    1.000    1.000    1.000
3
    4.056   -1.624    3.698    0.060   -0.224   -1.624    2.307    0.060    0.000    0.000    0.000
3
   -0.224   -1.624    2.307    0.060   -0.204   -1.129    2.245    0.060    0.000    0.000    0.000
3
   -0.204   -1.129    2.245    0.060    4.076   -1.129    3.636    0.060    0.000    0.000    0.000
3
    4.056   -1.624    3.698    0.060    4.076   -1.129    3.636    0.060    0.000    0.000    0.000
3
    4.056   -1.624    3.698    0.060    5.434   -2.212   -0.545    0.060    0.000    0.000    0.000
3
   -0.224   -1.624    2.307    0.060    1.155   -2.212   -1.936    0.060    0.000    0.000    0.000
3
   -0.204   -1.129    2.245    0.060    1.175   -1.716   -1.998    0.060    0.000    0.000    0.000
3
    4.076   -1.129    3.636    0.060    5.455   -1.716   -0.608    0.060    0.000    0.000    0.000
3
    5.434   -2.212   -0.545    0.060    1.155   -2.212   -1.936    0.060    0.000    0.000    0.000
3
    1.155   -2.212   -1.936    0.060    1.175   -1.716   -1.998    0.060    0.000    0.000    0.000
3
    1.175   -1.716   -1.998    0.060    5.455   -1.716   -0.608    0.060    0.000    0.000    0.000
3
    5.434   -2.212   -0.545    0.060    5.455   -1.716   -0.608    0.060    0.000    0.000    0.000
1
    4.056   -1.624    3.698   -0.224   -1.624    2.307   -0.204   -1.129    2.245    0.000    0.000    0.000
1
    4.056   -1.624    3.698   -0.204   -1.129    2.245    4.076   -1.129    3.636    0.000    0.000    0.000
1
    5.434   -2.212   -0.545    1.155   -2.212   -1.936    1.175   -1.716   -1.998    1.000    1.000    1.000
1
    5.434   -2.212   -0.545    1.175   -1.716   -1.998    5.455   -1.716   -0.608    1.000    1.000    1.000
1
    4.056   -1.624    3.698    4.076   -1.129    3.636    5.455   -1.716   -0.608    1.000    1.000    1.000
1
    4.056   -1.624    3.698    5.455   -1.716   -0.608    5.434   -2.212   -0.545    1.000    1.000    1.000
1
   -0.224   -1.624    2.307   -0.204   -1.129    2.245    1.175   -1.716   -1.998    1.000    1.000    1.000
1
   -0.224   -1.624    2.307    1.175   -1.716   -1.998    1.155   -2.212   -1.936    1.000    1.000    1.000
1
    4.056   -1.624    3.698   -0.224   -1.624    2.307    1.155   -2.212   -1.936    1.000    1.000    1.000
1
    4.056   -1.624    3.698    1.155   -2.212   -1.936    5.434   -2.212   -0.545    1.000    1.000    1.000
1
   -0.204   -1.129    2.245    4.076   -1.129    3.636    5.455   -1.716   -0.608    1.000    1.000    1.000
1
   -0.204   -1.129    2.245    5.455   -1.716   -0.608    1.175   -1.716   -1.998    1.000    1.000    1.000
3
   -4.056    1.624    3.698    0.060    0.224    1.624    2.307    0.060    0.000    0.000    0.000
3
    0.224    1.624    2.307    0.060    0.204    1.129    2.245    0.060    0.000    0.000    0.000
3
    0.204    1.129    2.245    0.060   -4.076    1.129    3.635    0.060    0.000    0.000    0.000
3
   -4.056    1.624    3.698    0.060   -4.076    1.129    3.635    0.060    0.000    0.000    0.000
3
   -4.056    1.624    3.698    0.060   -5.434    2.212   -0.545    0.060    0.000    0.000    0.000
3
    0.224    1.624    2.307    0.060   -1.155    2.212   -1.936    0.060    0.000    0.000    0.000
3
    0.204    1.129    2.245    0.060   -1.175    1.716   -1.998    0.060    0.000    0.000    0.000
3
   -4.076    1.129    3.635    0.060   -5.455    1.716   -0.608    0.060    0.000    0.000    0.000
3
   -5.434    2.212   -0.545    0.060   -1.155    2.212   -1.936    0.060    0.000    0.000    0.000
3
   -1.155    2.212   -1.936    0.060   -1.175    1.716   -1.998    0.060    0.000    0.000    0.000
3
   -1.175    1.716   -1.998    0.060   -5.455    1.716   -0.608    0.060    0.000    0.000    0.000
3
   -5.434    2.212   -0.545    0.060   -5.455    1.716   -0.608    0.060    0.000    0.000    0.000
1
   -4.056    1.624    3.698    0.224    1.624    2.307    0.204    1.129    2.245    0.000    0.000    0.000
1
   -4.056    1.624    3.698    0.204    1.129    2.245   -4.076    1.129    3.635    0.000    0.000    0.000
1
   -5.434    2.212   -0.545   -1.155    2.212   -1.936   -1.175    1.716   -1.998    1.000    1.000    1.000
1
   -5.434    2.212   -0.545   -1.175    1.716   -1.998   -5.455    1.716   -0.608    1.000    1.000    1.000
1
   -4.056    1.624    3.698   -4.076    1.129    3.635   -5.455    1.716   -0.608    1.000    1.000    1.000
1
   -4.056    1.624    3.698   -5.455    1.716   -0.608   -5.434    2.212   -0.545    1.000    1.000    1.000
1
    0.224    1.624    2.307    0.204    1.129    2.245   -1.175    1.716   -1.998    1.000    1.000    1.000
1
    0.224    1.624    2.307   -1.175    1.716   -1.998   -1.155    2.212   -1.936    1.000    1.000    1.000
1
   -4.056    1.624    3.698    0.224    1.624    2.307   -1.155    2.212   -1.936    1.000    1.000    1.000
1
   -4.056    1.624    3.698   -1.155    2.212   -1.936   -5.434    2.212   -0.545    1.000    1.000    1.000
1
    0.204    1.129    2.245   -4.076    1.129    3.635   -5.455    1.716   -0.608    1.000    1.000    1.000
1
    0.204    1.129    2.245   -5.455    1.716   -0.608   -1.175    1.716   -1.998    1.000    1.000    1.000
3
    5.455    1.716    0.608    0.060    2.602    1.716    1.534    0.060    0.000    0.000    0.000
3
    2.602    1.716    1.534    0.060    2.581    2.212    1.472    0.060    0.000    0.000    0.000
3
    2.581    2.212    1.472    0.060    5.434    2.212    0.545    0.060    0.000    0.000    0.000
3
    5.455    1.716    0.608    0.060    5.434    2.212    0.545    0.060    0.000    0.000    0.000
3
    5.455    1.716    0.608    0.060    4.076    1.129   -3.635    0.060    0.000    0.000    0.000
3
    2.602    1.716    1.534    0.060    1.223    1.129   -2.709    0.060    0.000    0.000    0.000
3
    2.581    2.212    1.472    0.060    1.203    1.624   -2.771    0.060    0.000    0.000    0.000
3
    5.434    2.212    0.545    0.060    4.056    1.624   -3.698    0.060    0.000    0.000    0.000
3
    4.076    1.129   -3.635    0.060    1.223    1.129   -2.709    0.060    0.000    0.000    0.000
3
    1.223    1.129   -2.709    0.060    1.203    1.624   -2.771    0.060    0.000    0.000    0.000
3
    1.203    1.624   -2.771    0.060    4.056    1.624   -3.698    0.060    0.000    0.000    0.000
3
    4.076    1.129   -3.635    0.060    4.056    1.624   -3.698    0.060    0.000    0.000    0.000
1
    5.455    1.716    0.608    2.602    1.716    1.534    2.581    2.212    1.472    0.000    0.000    0.000
1
    5.455    1.716    0.608    2.581    2.212    1.472    5.434    2.212    0.545    0.000    0.000    0.000
1
    4.076    1.129   -3.635    1.223    1.129   -2.709    1.203    1.624   -2.771    1.000    1.000    1.000
1
    4.076    1.129   -3.635    1.203    1.624   -2.771    4.056    1.624   -3.698    1.000    1.000    1.000
1
    5.455    1.716    0.608    5.434    2.212    0.545    4.056    1.624   -3.698    1.000    1.000    1.000
1
    5.455    1.716    0.608    4.056    1.624   -3.698    4.076    1.129   -3.635    1.000    1.000    1.000
1
    2.602    1.716    1.534    2.581    2.212    1.472    1.203    1.624   -2.771    1.000    1.000    1.000
1
    2.602    1.716    1.534    1.203    1.624   -2.771    1.223    1.129   -2.709    1.000    1.000    1.000
1
    5.455    1.716    0.608    2.602    1.716    1.534    1.223    1.129   -2.709    1.000    1.000    1.000
1
    5.455    1.716    0.608    1.223    1.129   -2.709    4.076    1.129   -3.635    1.000    1.000    1.000
1
    2.581    2.212    1.472    5.434    2.212    0.545    4.056    1.624   -3.698    1.000    1.000    1.000
1
    2.581    2.212    1.472    4.056    1.624   -3.698    1.203    1.624   -2.771    1.000    1.000    1.000
5
    0.000   -1.670    0.000    0.060    0.000   -1.366    0.000    0.060    0.000    0.000    0.000
5
    0.000   -1.063    0.000    0.060    0.000   -0.759    0.000    0.060    0.000    0.000    0.000
5
    0.000   -0.455    0.000    0.060    0.000   -0.152    0.000    0.060    0.000    0.000    0.000
5
    0.000    0.152    0.000    0.060    0.000    0.455    0.000    0.060    0.000    0.000    0.000
5
    0.000    0.759    0.000    0.060    0.000    1.063    0.000    0.060    0.000    0.000    0.000
5
    0.000    1.366    0.000    0.060    0.000    1.670    0.000    0.060    0.000    0.000    0.000
