   22 base-pairs
   0 step parameters
      shift   slide    rise    tilt    roll   twist
A-T    0.00    0.00    0.00    0.00    0.00    0.00
A-T    0.00    0.00    3.34    0.00  -22.50   36.00
A-T    0.00    0.00    3.34    0.00    0.00   36.00
A-T    0.00    0.00    3.34    0.00    0.00   36.00
A-T    0.00    0.00    3.34    0.00    0.00   36.00
A-T    0.00    0.00    3.34    0.00    0.00   36.00
A-T    0.00    0.00    3.34    0.00   22.50   36.00
A-T    0.00    0.00    3.34    0.00    0.00   36.00
A-T    0.00    0.00    3.34    0.00    0.00   36.00
A-T    0.00    0.00    3.34    0.00    0.00   36.00
A-T    0.00    0.00    3.34    0.00    0.00   36.00
A-T    0.00    0.00    3.34    0.00  -22.50   36.00
A-T    0.00    0.00    3.34    0.00    0.00   36.00
A-T    0.00    0.00    3.34    0.00    0.00   36.00
A-T    0.00    0.00    3.34    0.00    0.00   36.00
A-T    0.00    0.00    3.34    0.00    0.00   36.00
A-T    0.00    0.00    3.34    0.00   22.50   36.00
A-T    0.00    0.00    3.34    0.00    0.00   36.00
A-T    0.00    0.00    3.34    0.00    0.00   36.00
A-T    0.00    0.00    3.34    0.00    0.00   36.00
A-T    0.00    0.00    3.34    0.00    0.00   36.00
A-T    0.00    0.00    3.34    0.00  -22.50   36.00
