Guanine
N9      4.76    -83.78          -1.78
C8      4.79   -100.23          -1.59
N7      3.77   -111.30          -1.56
C5      2.69    -95.89          -1.75
C4      3.52    -75.50          -1.89
N3      3.66    -54.03          -2.09
C2      2.75    -36.47          -2.15
N2      3.53    -16.71          -2.34
N1      1.38    -36.36          -2.02
C6      1.27    -99.19          -1.81
O6      1.20   -158.67          -1.71

Cytosine
N1      4.90    -46.95           1.49
C6      5.08    -62.25           1.73
C5      4.24    -75.28           1.94
C4      2.82    -73.23           1.90
N4      2.29   -100.41           2.10
N3      2.54    -45.33           1.67
C2      3.79    -35.91           1.46
O2      4.24    -19.67           1.24

Phosphate
O3'     9.40   -102.85          -4.26
P       9.57   -103.28          -2.68
O1P    11.01   -104.40          -2.37
O2P     8.88   -110.94          -2.15
O5'     9.09    -94.57          -2.21

Deoxyribose
C5'     8.97    -88.00          -3.20
C4'     8.20    -79.99          -2.70
C3'     8.35    -77.83          -1.24
C2'     6.95    -79.48          -0.67
C1'     6.05    -76.36          -1.87
O4'     6.79    -81.21          -2.96

Phosphate
O3'     8.86    -69.10          -1.05
P       9.91    -68.05           0.15
O1P    11.27    -66.98          -0.41
O2P    10.01    -74.94           1.01
O5'     9.43    -60.22           0.92

Deoxyribose
C5'     9.28    -52.94           0.13
C4'     8.41    -46.37           0.79
C3'     8.29    -46.79           2.29
C2'     7.07    -40.16           2.55
C1'     6.22    -40.11           1.26
O4'     7.05    -47.37           0.36
